-0.8865557
0.5173996
0.6808072
0.013154187
-0.41772765
0.14809488
-0.29445133
-0.012453051
0.33721387
-0.21525718
0.5024576
0.05628466
-0.009345933
-0.17360842
-0.10886537
-0.11304426
0.8944257
-0.37903804
0.32315347
-0.679672
0.24691297
0.21950842
0.11575572
-0.43946576
-0.2911727
0.26807806
0.29653856
0.21236229
0.18321565
-0.30254704
0.15565804
-0.7506564
0.13143246
0.32379428
-0.3848422
-0.2206502
-0.5930549
0.6669667
0.2972848
0.57475984
-0.47400707
-0.4074203
0.10189752
-0.20750012
-0.113114364
0.135158
0.1904377
-0.29435143
0.08231678
0.4144077
-0.5381662
-0.98293203
0.29418945
0.81892747
-0.5234803
0.2831302
0.35630566
-0.06335655
-0.61577463
0.34757057
0.6115602
-0.8600055
-0.2472706
0.72091913
-0.7486719
-0.4403431
0.5013227
-0.64464283
-0.22935042
-0.5847531
-0.40244183
0.70107025
0.04494238
-1.0523447
0.42190468
0.18141255
1.0331025
-0.9144324
-0.36366928
0.8365448
0.083555035
-0.24032597
-0.13479836
0.25322202
-0.0070314705
0.7675589
-0.5821764
-0.3558019
0.06165596
0.37530127
0.32968792
-0.8470857
0.5045052
0.0064340937
-0.2446152
-0.044119127
-0.096081026
-0.90437627
0.7112543
0.07448708
-0.046239782
-0.027431909
-0.3048909
1.2092345
-0.16549285
0.061117716
0.25363615
-0.12149004
-0.032358658
-0.31189522
0.16791701
0.89150965
-0.98887265
-0.27239162
0.21486488
-0.87722754
0.15257068
0.053881522
-0.06818084
0.0145905735
-0.041294318
1.1895975
-1.792714
-0.21334948
-1.3650558
0.66691935
0.22853808
-1.3044832
0.39358258
0.24605113
-0.52758753
-0.10329645
0.29645714
0.18074653
-0.40864918
-0.25693747
0.2653168
0.115436494
-0.29322287
-0.449527
0.55071235
0.44235852
-1.4788759
0.19050018
0.9370144
-0.99133337
-0.5803913
0.23561665
-0.5594232
0.07083092
-0.08678905
0.474558
-0.33642548
-0.42133078
0.085940875
0.4685384
0.34303164
-0.81163806
0.062876955
0.40145546
-0.11255811
-0.14666697
-0.7911937
0.633386
0.61963785
-0.44047934
1.1427925
-0.1128744
-0.017540723
-0.14022127
-0.03448076
0.38296986
-1.0786332
0.13379364
-0.28397244
0.469478
0.10762414
-0.42071044
-0.03718006
0.27207893
0.4789493
0.595846
-0.7712681
-0.79156774
-0.086970545
0.7702759
-0.20993462
0.66594523
-0.31567812
-0.13195634
0.7097364
-0.38425744
0.11059415
-0.56916875
0.10108796
-0.28643885
0.8053278
-0.13407353
-0.09548681
-0.28778228
0.21267593
-0.44123763
0.7191652
-0.17362908
0.46791062
-1.7905285
0.35134953
0.37878662
-0.16899931
-0.16066186
-0.12209602
-0.5410057
0.28228235
-0.8903787
1.0494723
0.30965754
0.045939032
-0.7092198
-0.1916387
-0.15514259
1.0366791
-0.3329594
-0.40523705
-0.35135186
0.6931026
0.36449745
-1.3523993
0.06524151
0.30259445
-0.12855032
-0.07042636
0.28110257
-0.3240846
-0.1790323
-0.10337611
0.38725203
0.057069648
0.961067
-0.90169096
-0.57658476
0.24017927
0.08664692
-0.20703046
0.3704244
-0.1335993
-0.36912793
-0.08998105
0.3588225
0.1474967
0.29349118
0.32583714
-0.38049355
-0.38679796
0.18899289
0.22254796
-0.58835864
-0.29383168
0.8023005
0.31720087
-0.38286352
-0.14117737
0.02285606
-0.9485937
0.45136628
0.310156
0.35305247
-0.77685136
0.06624517
-0.3355991
0.08071522
0.19951607
0.59668213
-0.5921868
0.453847
0.23958851
-0.59780645
-0.207422
0.37180358
-0.030613383
-0.43521124
-0.14480612
0.29283005
-0.49624863
0.7848691
0.1952894
0.5398896
-1.3636589
0.20214398
0.099576
0.4332983
-0.20959081
-0.3386944
0.07219938
0.20625204
-0.048123296
-0.17235805
0.16278377
-0.3686392
-0.055252817
0.41307205
-0.27618247
0.11881326
0.20742957
0.9153764
-0.2234989
-0.5808464
-0.26482928
0.31637883
-0.07304643
0.27357084
-0.54155403
-0.1357031
0.047821473
-0.10984943
-0.16955203
-0.23324169
0.22091788
-0.17321332
-0.41722643
1.269824
-0.21290623
0.18836337
0.8121945
-0.59499997
0.13422492
-1.7331152
1.1787969
0.43801194
-0.78899217
-0.3977951
-0.8432431
1.1750824
-0.039119143
-1.0786327
1.399881
-0.2077193
-0.6069187
1.7945313
-0.39670476
-0.48646215
-0.19603719
0.49886525
-0.07440526
0.5447471
-0.17159784
-0.0060165487
0.92257905
-0.35181078
-0.3618477
1.0844998
-0.11751413
0.48741582
0.13436624
-0.80479866
0.39410752
-0.35308442
-0.20154105
0.37107205
0.47208434
-0.7270759
-0.3187473
0.52838546
0.02830089
-0.5879863
-0.70311403
0.7649393
-0.13925724
-0.043027885
0.046814706
0.08919158
0.23112282
-0.2363384
0.7650708
-1.057604
-0.7077868
0.7361876
-0.21553054
-0.7584128
0.5758761
-0.4134404
-0.40629107
0.54242855
-1.0051996
-0.04859099
